time	V(vin)
0.000000000000000e+000	3.000000e+000
1.000000000000000e-002	3.000000e+000
1.000976562500000e-002	3.159732e+000
1.001953125000000e-002	3.308078e+000
1.002929687500000e-002	3.445038e+000
1.003906250000000e-002	3.570611e+000
1.004882812500000e-002	3.684798e+000
1.005859375000000e-002	3.787598e+000
1.006835937500000e-002	3.879012e+000
1.008192212156599e-002	3.959952e+000
1.009545233602355e-002	3.997450e+000
1.011301157259381e-002	3.979186e+000
1.012713018447249e-002	3.910560e+000
1.014666143447249e-002	3.743200e+000
1.016619268447249e-002	3.506434e+000
1.018572393447249e-002	3.222373e+000
1.022478643447249e-002	2.620418e+000
1.024431768447249e-002	2.358739e+000
1.026384893447249e-002	2.156946e+000
1.028017325909311e-002	2.048106e+000
1.028715939344722e-002	2.020272e+000
1.029387040030345e-002	2.004632e+000
1.030125479757141e-002	2.000194e+000
1.030804315908956e-002	2.007971e+000
1.031908339110292e-002	2.044593e+000
1.033689507390563e-002	2.163289e+000
1.035642632390563e-002	2.367750e+000
1.037595757390563e-002	2.631256e+000
1.041502007390563e-002	3.233752e+000
1.043455132390563e-002	3.516476e+000
1.045408257390563e-002	3.750968e+000
1.047361382390563e-002	3.915329e+000
1.048996701461871e-002	3.987607e+000
1.050498519197183e-002	3.996936e+000
1.051411428023924e-002	3.975524e+000
1.052891007090823e-002	3.898648e+000
1.054844132090823e-002	3.724206e+000
1.056797257090823e-002	3.482131e+000
1.058750382090823e-002	3.195031e+000
1.062656632090823e-002	2.594704e+000
1.064609757090823e-002	2.337539e+000
1.066562882090823e-002	2.142241e+000
1.068086880943971e-002	2.044815e+000
1.068767979815804e-002	2.018668e+000
1.069449767088797e-002	2.003733e+000
1.070297830287146e-002	2.001094e+000
1.071084894321677e-002	2.014486e+000
1.072363258948015e-002	2.068115e+000
1.074316383948015e-002	2.221181e+000
1.076269508948015e-002	2.446980e+000
1.078222633948015e-002	2.724425e+000
1.082128883948015e-002	3.328207e+000
1.084082008948015e-002	3.598158e+000
1.086035133948015e-002	3.812248e+000
1.087988258948015e-002	3.950485e+000
1.089360902779434e-002	3.994965e+000
1.090728750372423e-002	3.993455e+000
1.091785638379759e-002	3.960921e+000
1.093492934596237e-002	3.853220e+000
1.095446059596237e-002	3.655868e+000
1.097399184596237e-002	3.397265e+000
1.101305434596237e-002	2.796377e+000
1.103258559596237e-002	2.510206e+000
1.105211684596237e-002	2.269776e+000
1.107164809596237e-002	2.097540e+000
1.108317256082896e-002	2.034731e+000
1.108940952109893e-002	2.013805e+000
1.109659274975629e-002	2.001432e+000
1.110473256629999e-002	2.002762e+000
1.111370338737231e-002	2.023077e+000
1.112824714409296e-002	2.096833e+000
1.114777839409296e-002	2.268653e+000
1.116730964409296e-002	2.508772e+000
1.118684089409296e-002	2.794766e+000
1.122590339409296e-002	3.395755e+000
1.124543464409296e-002	3.654624e+000
1.126496589409296e-002	3.852360e+000
1.128061063801214e-002	3.953977e+000
1.129426454595215e-002	3.995944e+000
1.131038045548033e-002	3.986736e+000
1.132287382509691e-002	3.936143e+000
1.134240507509691e-002	3.786239e+000
1.136193632509691e-002	3.562910e+000
1.138146757509691e-002	3.287013e+000
1.142053007509691e-002	2.683075e+000
1.144006132509691e-002	2.411436e+000
1.145959257509691e-002	2.194761e+000
1.147912382509691e-002	2.053286e+000
1.148637592821979e-002	2.022812e+000
1.149292317215232e-002	2.006172e+000
1.149957261768487e-002	2.000023e+000
1.150584114789612e-002	2.004206e+000
1.151550610205172e-002	2.029517e+000
1.153115282539378e-002	2.117360e+000
1.155068407539378e-002	2.300532e+000
1.157021532539378e-002	2.549026e+000
1.158974657539378e-002	2.839635e+000
1.162880907539378e-002	3.437244e+000
1.164834032539378e-002	3.688434e+000
1.166787157539378e-002	3.875333e+000
1.168173506258043e-002	3.959124e+000
1.169528238797574e-002	3.997256e+000
1.171290834700974e-002	3.979514e+000
1.172696343966669e-002	3.911639e+000
1.174649468966669e-002	3.744950e+000
1.176602593966669e-002	3.508691e+000
1.178555718966669e-002	3.224926e+000
1.182461968966669e-002	2.622843e+000
1.184415093966668e-002	2.360751e+000
1.186368218966668e-002	2.158358e+000
1.188010769762522e-002	2.048422e+000
1.188711038691429e-002	2.020427e+000
1.189381140715855e-002	2.004721e+000
1.190115005450945e-002	2.000163e+000
1.190787261576691e-002	2.007637e+000
1.191880652837469e-002	2.043318e+000
1.193645189932261e-002	2.159497e+000
1.195598314932261e-002	2.362372e+000
1.197551439932260e-002	2.624794e+000
1.201457689932260e-002	3.226978e+000
1.203410814932260e-002	3.510503e+000
1.205363939932260e-002	3.746353e+000
1.207317064932260e-002	3.912503e+000
1.208984155323904e-002	3.987296e+000
1.210492831213980e-002	3.997005e+000
1.211402177002959e-002	3.975842e+000
1.212876084826513e-002	3.899674e+000
1.214829209826513e-002	3.725820e+000
1.216782334826513e-002	3.484183e+000
1.218735459826513e-002	3.197330e+000
1.222641709826513e-002	2.596848e+000
1.224594834826513e-002	2.339297e+000
1.226547959826512e-002	2.143448e+000
1.228081078484902e-002	2.045085e+000
1.228763635092930e-002	2.018799e+000
1.229444524527043e-002	2.003804e+000
1.230291357967527e-002	2.001047e+000
1.231074359677195e-002	2.014206e+000
1.232346200146507e-002	2.067146e+000
1.234299325146507e-002	2.219503e+000
1.236252450146507e-002	2.444750e+000
1.238205575146507e-002	2.721850e+000
1.242111825146506e-002	3.325674e+000
1.244064950146506e-002	3.596008e+000
1.246018075146506e-002	3.810683e+000
1.247971200146506e-002	3.949649e+000
1.249345584672106e-002	3.994721e+000
1.250591887760593e-002	3.995681e+000
1.251563246260256e-002	3.970003e+000
1.253135621810318e-002	3.881134e+000
1.255088746810318e-002	3.697181e+000
1.257041871810318e-002	3.448120e+000
1.262901246810318e-002	2.559885e+000
1.264854371810318e-002	2.309252e+000
1.266807496810318e-002	2.123127e+000
1.268181311371723e-002	2.040529e+000
1.268838770925359e-002	2.016590e+000
1.269535327841065e-002	2.002663e+000
1.270427030794511e-002	2.002249e+000
1.271295140992822e-002	2.020623e+000
1.272703300366866e-002	2.088810e+000
1.274656425366866e-002	2.255780e+000
1.276609550366866e-002	2.492250e+000
1.278562675366866e-002	2.776139e+000
1.282468925366866e-002	3.378169e+000
1.284422050366866e-002	3.640089e+000
1.286375175366866e-002	3.842232e+000
1.288013505776557e-002	3.951710e+000
1.289383602340007e-002	3.995316e+000
1.290794377977053e-002	3.992225e+000
1.291892206149276e-002	3.956152e+000
1.293663686031650e-002	3.838925e+000
1.295616811031650e-002	3.635387e+000
1.297569936031650e-002	3.372511e+000
1.301476186031650e-002	2.770194e+000
1.303429311031650e-002	2.487001e+000
1.305382436031650e-002	2.251716e+000
1.307335561031650e-002	2.086312e+000
1.308381563424877e-002	2.032141e+000
1.308989392963558e-002	2.012574e+000
1.309718208684581e-002	2.000979e+000
1.310495205579099e-002	2.003024e+000
1.311406038736096e-002	2.024291e+000
1.312882314180539e-002	2.100754e+000
1.314835439180539e-002	2.274853e+000
1.316788564180539e-002	2.516673e+000
1.318741689180539e-002	2.803629e+000
1.322647939180539e-002	3.404047e+000
1.324601064180539e-002	3.661437e+000
1.326554189180539e-002	3.857057e+000
1.328083501363250e-002	3.955028e+000
1.329446713401565e-002	3.996226e+000
1.331078758159334e-002	3.985677e+000
1.332353322854951e-002	3.932451e+000
1.334306447854951e-002	3.779797e+000
1.336259572854951e-002	3.554319e+000
1.338212697854951e-002	3.277075e+000
1.342118947854951e-002	2.673268e+000
1.344072072854951e-002	2.403094e+000
1.346025197854951e-002	2.188663e+000
1.347978322854951e-002	2.050001e+000
1.348686796806914e-002	2.021200e+000
1.349351978646102e-002	2.005176e+000
1.350596915889369e-002	2.004393e+000
1.351571419894727e-002	2.030310e+000
1.353148776232789e-002	2.119845e+000
1.355101901232789e-002	2.304302e+000
1.357055026232789e-002	2.553728e+000
1.359008151232789e-002	2.844830e+000
1.362914401232789e-002	3.441969e+000
1.364867526232789e-002	3.692241e+000
1.366820651232789e-002	3.877865e+000
1.368186355114468e-002	3.959693e+000
1.369539910460194e-002	3.997390e+000
1.371297924400310e-002	3.979289e+000
1.372707796497216e-002	3.910899e+000
1.374660921497216e-002	3.743748e+000
1.376614046497216e-002	3.507141e+000
1.378567171497216e-002	3.223173e+000
1.382473421497216e-002	2.621177e+000
1.384426546497216e-002	2.359369e+000
1.386379671497216e-002	2.157387e+000
1.388015273484668e-002	2.048205e+000
1.388714405092008e-002	2.020321e+000
1.389385192981480e-002	2.004660e+000
1.390122200334079e-002	2.000184e+000
1.390798976353486e-002	2.007865e+000
1.391899671176827e-002	2.044192e+000
1.393675635003909e-002	2.162097e+000
1.395628760003909e-002	2.366063e+000
1.397581885003909e-002	2.629231e+000
1.401488135003909e-002	3.231633e+000
1.403441260003909e-002	3.514609e+000
1.405394385003909e-002	3.749527e+000
1.407347510003909e-002	3.914449e+000
1.408992775504373e-002	3.987510e+000
1.410496739128411e-002	3.996957e+000
1.411408532920167e-002	3.975624e+000
1.412886337372569e-002	3.898970e+000
1.414839462372569e-002	3.724711e+000
1.416792587372569e-002	3.482774e+000
1.418745712372569e-002	3.195751e+000
1.422651962372569e-002	2.595375e+000
1.424605087372569e-002	2.338089e+000
1.426558212372569e-002	2.142618e+000
1.428085065691991e-002	2.044899e+000
1.428766620539366e-002	2.018709e+000
1.429448126808106e-002	2.003755e+000
1.430295805261011e-002	2.001079e+000
1.431081598316779e-002	2.014398e+000
1.432357921909941e-002	2.067811e+000
1.434311046909941e-002	2.220656e+000
1.436264171909941e-002	2.446282e+000
1.438217296909941e-002	2.723619e+000
1.442123546909941e-002	3.327415e+000
1.444076671909941e-002	3.597486e+000
1.446029796909941e-002	3.811759e+000
1.447982921909941e-002	3.950224e+000
1.449356108634522e-002	3.994889e+000
1.450714888576422e-002	3.993702e+000
1.451763122886529e-002	3.961894e+000
1.453456818156569e-002	3.856165e+000
1.455409943156569e-002	3.660140e+000
1.457363068156569e-002	3.402465e+000
1.461269318156569e-002	2.801934e+000
1.463222443156569e-002	2.515160e+000
1.465175568156569e-002	2.273664e+000
1.467128693156569e-002	2.099999e+000
1.468303605789886e-002	2.035293e+000
1.468930678236447e-002	2.014074e+000
1.469646789721216e-002	2.001539e+000
1.470468604442875e-002	2.002708e+000
1.471362771488763e-002	2.022824e+000
1.472812501641000e-002	2.096011e+000
1.474765626641000e-002	2.267346e+000
1.476718751641000e-002	2.507102e+000
1.478671876641000e-002	2.792889e+000
1.482578126640999e-002	3.393992e+000
1.484531251640999e-002	3.653173e+000
1.486484376640999e-002	3.851355e+000
1.488056296360442e-002	3.953752e+000
1.489422153483815e-002	3.995883e+000
1.491029401034728e-002	3.986955e+000
1.492273377935956e-002	3.936914e+000
1.494226502935956e-002	3.787597e+000
1.496179627935956e-002	3.564727e+000
1.498132752935956e-002	3.289119e+000
1.502039002935956e-002	2.685162e+000
1.503992127935956e-002	2.413216e+000
1.505945252935956e-002	2.196068e+000
1.507898377935956e-002	2.053997e+000
1.508627153570849e-002	2.023162e+000
1.509279345532699e-002	2.006400e+000
1.509934219898455e-002	2.000053e+000
1.510575550019764e-002	2.004084e+000
1.511536686337524e-002	2.028991e+000
1.513092865977081e-002	2.115710e+000
1.515045990977081e-002	2.298020e+000
1.516999115977081e-002	2.545886e+000
1.518952240977081e-002	2.836160e+000
1.522858490977080e-002	3.434074e+000
1.524811615977080e-002	3.685876e+000
1.526764740977080e-002	3.873625e+000
1.528164894689102e-002	3.958741e+000
1.529520420806417e-002	3.997164e+000
1.531286084857983e-002	3.979664e+000
1.532688670624852e-002	3.912134e+000
1.534641795624852e-002	3.745753e+000
1.536594920624852e-002	3.509728e+000
1.538548045624852e-002	3.226100e+000
1.542454295624852e-002	2.623959e+000
1.544407420624852e-002	2.361678e+000
1.546360545624852e-002	2.159009e+000
1.548007750324903e-002	2.048568e+000
1.548708781961981e-002	2.020498e+000
1.549378424558940e-002	2.004763e+000
1.550110182771296e-002	2.000150e+000
1.550779409192035e-002	2.007485e+000
1.551867903956896e-002	2.042737e+000
1.553624775354862e-002	2.157764e+000
1.555577900354862e-002	2.359905e+000
1.557531025354862e-002	2.621824e+000
1.561437275354862e-002	3.223854e+000
1.563390400354862e-002	3.507743e+000
1.565343525354862e-002	3.744215e+000
1.567296650354862e-002	3.911187e+000
1.568978371912836e-002	3.987151e+000
1.570490209764202e-002	3.997037e+000
1.571397913354523e-002	3.975988e+000
1.572869206770245e-002	3.900145e+000
1.574822331770245e-002	3.726563e+000
1.576775456770245e-002	3.485128e+000
1.578728581770245e-002	3.198389e+000
1.582634831770245e-002	2.597837e+000
1.584587956770245e-002	2.340108e+000
1.586541081770245e-002	2.144006e+000
1.588078402258844e-002	2.045210e+000
1.588761631412983e-002	2.018860e+000
1.589442107128413e-002	2.003837e+000
1.590288373457267e-002	2.001026e+000
1.591069501887336e-002	2.014078e+000
1.592338333282710e-002	2.066701e+000
1.594291458282710e-002	2.218731e+000
1.596244583282710e-002	2.443722e+000
1.598197708282710e-002	2.720663e+000
1.602103958282710e-002	3.324506e+000
1.604057083282710e-002	3.595016e+000
1.606010208282710e-002	3.809958e+000
1.607963333282710e-002	3.949261e+000
1.609338525901443e-002	3.994607e+000
1.610586336633487e-002	3.995762e+000
1.611554222180259e-002	3.970346e+000
1.613121096842808e-002	3.882210e+000
1.615074221842808e-002	3.698815e+000
1.617027346842808e-002	3.450159e+000
1.622886721842808e-002	2.561935e+000
1.624839846842808e-002	2.310904e+000
1.626792971842808e-002	2.124226e+000
1.628175738287368e-002	2.040776e+000
1.628834588643819e-002	2.016709e+000
1.629530265743011e-002	2.002721e+000
1.630425140745141e-002	2.002229e+000
1.631292066049268e-002	2.020525e+000
1.632698333129056e-002	2.088489e+000
1.634651458129056e-002	2.255259e+000
1.636604583129056e-002	2.491578e+000
1.638557708129056e-002	2.775378e+000
1.642463958129056e-002	3.377447e+000
1.644417083129056e-002	3.639489e+000
1.646370208129056e-002	3.841811e+000
1.648011552244635e-002	3.951616e+000
1.649381844683222e-002	3.995290e+000
1.650789296714946e-002	3.992324e+000
1.651883956900663e-002	3.956531e+000
1.653650479914728e-002	3.840053e+000
1.655603604914728e-002	3.636988e+000
1.657556729914728e-002	3.374436e+000
1.661462979914728e-002	2.772213e+000
1.663416104914728e-002	2.488783e+000
1.665369229914728e-002	2.253094e+000
1.667322354914728e-002	2.087157e+000
1.668376602249317e-002	2.032337e+000
1.668985653533698e-002	2.012667e+000
1.669713655412251e-002	2.001011e+000
1.670493510364445e-002	2.003003e+000
1.671403281596473e-002	2.024196e+000
1.672877866676981e-002	2.100448e+000
1.674830991676981e-002	2.274373e+000
1.676784116676981e-002	2.516062e+000
1.678737241676981e-002	2.802944e+000
1.682643491676981e-002	3.403408e+000
1.684596616676981e-002	3.660913e+000
1.686549741676981e-002	3.856697e+000
1.688081771618445e-002	3.954947e+000
1.689445150685931e-002	3.996204e+000
1.691075617934316e-002	3.985761e+000
1.692348237745533e-002	3.932739e+000
1.694301362745533e-002	3.780297e+000
1.696254487745533e-002	3.554984e+000
1.698207612745533e-002	3.277843e+000
1.702113862745533e-002	2.674023e+000
1.704066987745533e-002	2.403735e+000
1.706020112745533e-002	2.189130e+000
1.707973237745533e-002	2.050251e+000
1.708682999394861e-002	2.021322e+000
1.709347413518674e-002	2.005249e+000
1.710593325956388e-002	2.004340e+000
1.711565584188861e-002	2.030087e+000
1.713139384572330e-002	2.119146e+000
1.715092509572330e-002	2.303243e+000
1.717045634572330e-002	2.552408e+000
1.718998759572330e-002	2.843373e+000
1.722905009572330e-002	3.440646e+000
1.724858134572330e-002	3.691175e+000
1.726811259572330e-002	3.877157e+000
1.728182754446970e-002	3.959534e+000
1.729536638854579e-002	3.997352e+000
1.731295937307854e-002	3.979352e+000
1.732704586696717e-002	3.911107e+000
1.734657711696717e-002	3.744085e+000
1.736610836696717e-002	3.507576e+000
1.738563961696717e-002	3.223664e+000
1.742470211696717e-002	2.621644e+000
1.744423336696717e-002	2.359756e+000
1.746376461696717e-002	2.157659e+000
1.748014011565550e-002	2.048266e+000
1.748713461806258e-002	2.020350e+000
1.749384057448341e-002	2.004677e+000
1.750120184186543e-002	2.000178e+000
1.750795693652632e-002	2.007801e+000
1.751894342050255e-002	2.043946e+000
1.753667105048048e-002	2.161367e+000
1.755620230048048e-002	2.365028e+000
1.757573355048048e-002	2.627987e+000
1.761479605048048e-002	3.230329e+000
1.763432730048048e-002	3.513460e+000
1.765385855048048e-002	3.748640e+000
1.767338980048048e-002	3.913906e+000
1.768990360914204e-002	3.987450e+000
1.770495644408676e-002	3.996971e+000
1.771406752455936e-002	3.975685e+000
1.772883465445313e-002	3.899167e+000
1.774836590445313e-002	3.725022e+000
1.776789715445313e-002	3.483169e+000
1.778742840445313e-002	3.196193e+000
1.782649090445313e-002	2.595787e+000
1.784602215445313e-002	2.338427e+000
1.786555340445313e-002	2.142850e+000
1.788083949044816e-002	2.044951e+000
1.788765784413809e-002	2.018734e+000
1.789447117879038e-002	2.003769e+000
1.790294559668498e-002	2.001070e+000
1.791079570936552e-002	2.014344e+000
1.792354638995406e-002	2.067624e+000
1.794307763995406e-002	2.220333e+000
1.796260888995406e-002	2.445853e+000
1.798214013995406e-002	2.723124e+000
1.802120263995406e-002	3.326927e+000
1.804073388995406e-002	3.597072e+000
1.806026513995406e-002	3.811458e+000
1.807979638995406e-002	3.950063e+000
1.809353160433211e-002	3.994843e+000
1.810706363941409e-002	3.993851e+000
1.811749275400497e-002	3.962486e+000
1.813434599006984e-002	3.857963e+000
1.815387724006984e-002	3.662757e+000
1.817340849006984e-002	3.405658e+000
1.821247099006984e-002	2.805357e+000
1.823200224006984e-002	2.518215e+000
1.825153349006984e-002	2.276067e+000
1.827106474006984e-002	2.101526e+000
1.828295198862984e-002	2.035642e+000
1.828924352277992e-002	2.014240e+000
1.829639104634203e-002	2.001606e+000
1.830465740445568e-002	2.002675e+000
1.831358112831972e-002	2.022669e+000
1.832804982445929e-002	2.095506e+000
1.834758107445929e-002	2.266542e+000
1.836711232445929e-002	2.506075e+000
1.838664357445929e-002	2.791734e+000
1.842570607445929e-002	3.392906e+000
1.844523732445929e-002	3.652278e+000
1.846476857445929e-002	3.850735e+000
1.848053359350440e-002	3.953613e+000
1.849419504354051e-002	3.995846e+000
1.851024076573704e-002	3.987090e+000
1.852264751432884e-002	3.937387e+000
1.854217876432884e-002	3.788431e+000
1.856171001432884e-002	3.565845e+000
1.858124126432884e-002	3.290416e+000
1.862030376432884e-002	2.686449e+000
1.863983501432884e-002	2.414313e+000
1.865936626432884e-002	2.196874e+000
1.867889751432884e-002	2.054437e+000
1.868620725135237e-002	2.023378e+000
1.869271356910082e-002	2.006543e+000
1.869920028959169e-002	2.000079e+000
1.870570274924556e-002	2.004009e+000
1.871528110214642e-002	2.028670e+000
1.873079056672932e-002	2.114700e+000
1.875032181672932e-002	2.296477e+000
1.876985306672932e-002	2.543954e+000
1.878938431672932e-002	2.834021e+000
1.882844681672932e-002	3.432119e+000
1.884797806672932e-002	3.684296e+000
1.886750931672932e-002	3.872567e+000
1.888159584765687e-002	3.958503e+000
1.889515602053100e-002	3.997107e+000
1.891283156815632e-002	3.979756e+000
1.892683940167939e-002	3.912438e+000
1.894637065167939e-002	3.746248e+000
1.896590190167939e-002	3.510367e+000
1.898543315167939e-002	3.226824e+000
1.902449565167939e-002	2.624648e+000
1.904402690167939e-002	2.362251e+000
1.906355815167939e-002	2.159411e+000
1.908005888146287e-002	2.048658e+000
1.908707390253489e-002	2.020542e+000
1.909376749667162e-002	2.004788e+000
1.910107208878687e-002	2.000142e+000
1.910774567019960e-002	2.007392e+000
1.911860041990266e-002	2.042380e+000
1.913612183799484e-002	2.156699e+000
1.915565308799484e-002	2.358387e+000
1.917518433799484e-002	2.619993e+000
1.921424683799483e-002	3.221925e+000
1.923377808799483e-002	3.506038e+000
1.925330933799483e-002	3.742893e+000
1.927284058799483e-002	3.910370e+000
1.928974803399022e-002	3.987062e+000
1.930488592432959e-002	3.997056e+000
1.931395282825360e-002	3.976078e+000
1.932864963043459e-002	3.900435e+000
1.934818088043459e-002	3.727021e+000
1.936771213043459e-002	3.485711e+000
1.938724338043459e-002	3.199042e+000
1.942630588043459e-002	2.598447e+000
1.944583713043459e-002	2.340609e+000
1.946536838043459e-002	2.144351e+000
1.948076750495098e-002	2.045287e+000
1.948760394808644e-002	2.018898e+000
1.949440615298856e-002	2.003858e+000
1.950286531632454e-002	2.001013e+000
1.951066503989363e-002	2.014000e+000
1.952333478194235e-002	2.066428e+000
1.954286603194235e-002	2.218256e+000
1.956239728194235e-002	2.443089e+000
1.958192853194235e-002	2.719931e+000
1.962099103194235e-002	3.323784e+000
1.964052228194235e-002	3.594403e+000
1.966005353194235e-002	3.809511e+000
1.967958478194235e-002	3.949021e+000
1.969334171226216e-002	3.994536e+000
1.970582911922148e-002	3.995811e+000
1.971548654726317e-002	3.970557e+000
1.973112134617450e-002	3.882872e+000
1.975065259617450e-002	3.699821e+000
1.977018384617450e-002	3.451416e+000
1.982877759617450e-002	2.563201e+000
1.984830884617450e-002	2.311924e+000
1.986784009617450e-002	2.124906e+000
1.988172297541579e-002	2.040929e+000
1.988832006828728e-002	2.016783e+000
1.989527141244235e-002	2.002757e+000
1.990423974049578e-002	2.002217e+000
1.991290167926781e-002	2.020465e+000
1.992695266824123e-002	2.088291e+000
1.994648391824123e-002	2.254937e+000
1.996601516824123e-002	2.491164e+000
1.998554641824123e-002	2.774909e+000
2.000000000000000e-002	3.000000e+000
